177.27	0.000
177.66	0.000
178.05	0.291
178.43	0.628
178.82	0.000
179.21	0.762
179.59	0.300
179.98	0.000
180.36	0.000
180.75	0.000
181.14	-1.096
181.52	0.628
181.91	0.000
182.29	0.000
182.68	0.000
183.07	0.220
183.45	0.031
183.84	0.000
184.22	0.000
184.61	0.000
185.00	-0.495
185.38	0.025
185.77	0.000
186.15	-0.694
186.54	0.584
186.93	-0.188
187.31	-0.318
187.70	0.000
188.08	0.000
188.47	-0.551
188.85	0.633
189.24	0.220
189.62	0.107
190.01	0.010
190.39	0.186
190.78	0.284
191.17	0.000
191.55	0.000
191.94	-0.345
192.32	0.025
192.71	0.000
193.09	0.088
193.48	-0.813
193.86	0.357
194.25	-1.190
194.63	0.000
195.02	0.000
195.40	0.000
195.79	-0.730
196.17	0.284
196.56	-0.047
196.94	0.134
197.33	0.181
197.71	-0.211
198.10	0.057
198.48	1.184
198.87	0.000
199.25	0.000
199.63	0.568
200.02	0.000
200.40	0.797
200.79	0.000
201.17	0.301
201.56	0.000
201.94	-0.077
202.33	-0.090
202.71	-0.345
203.09	0.000
203.48	0.000
203.86	-0.551
204.25	0.390
204.63	0.000
205.02	0.017
205.40	0.000
205.78	0.159
206.17	0.011
206.55	-0.111
206.94	0.344
207.32	0.000
207.70	-0.551
208.09	0.000
208.47	0.000
208.86	-0.813
209.24	0.000
209.62	0.000
210.01	1.271
210.39	0.088
210.77	0.019
211.16	-0.235
211.54	-0.211
211.92	-0.787
212.31	0.000
212.69	-0.487
213.07	-0.060
213.46	-0.077
213.84	-0.328
214.23	0.244
214.61	-0.830
214.99	0.454
215.37	-0.316
215.76	0.057
216.14	-0.090
216.52	-1.096
216.91	0.000
217.29	-0.345
217.67	0.700
218.06	0.893
218.44	0.000
218.82	-0.042
219.21	0.294
219.59	-0.588
219.97	0.357
220.35	0.022
220.74	-0.403
221.12	0.000
221.50	-0.945
221.88	0.364
222.27	-0.090
222.65	0.568
223.03	0.291
223.42	-0.588
223.80	-0.376
224.18	0.031
224.56	0.000
224.94	-0.097
225.33	0.061
225.71	1.290
226.09	0.379
226.47	0.226
226.86	-0.201
227.24	0.300
227.62	0.000
228.00	-1.096
228.38	0.019
228.77	0.000
229.15	0.514
229.53	0.902
229.91	0.503
230.29	-0.077
230.68	0.179
231.06	-0.211
231.44	0.000
231.82	0.186
232.20	-0.551
232.59	-0.185
232.97	-0.460
233.35	0.000
233.73	0.222
234.11	-0.133
234.49	-0.424
234.87	-0.191
235.26	0.000
235.64	0.181
236.02	-0.072
236.40	-0.376
236.78	-0.072
237.16	1.290
237.54	0.294
237.93	0.031
238.31	-0.256
238.69	0.893
239.07	0.016
239.45	0.065
239.83	0.075
240.21	0.000
240.59	-0.403
240.97	-0.191
241.35	-0.256
241.74	0.186
242.12	0.019
242.50	0.017
242.88	0.000
243.26	0.011
243.64	-0.320
244.02	0.659
244.40	0.000
244.78	0.584
245.16	1.184
245.54	0.300
245.92	0.000
246.30	-0.077
246.68	0.000
247.06	0.000
247.44	-0.673
247.82	-0.495
248.20	0.066
248.59	0.000
248.97	0.107
249.35	-0.191
249.73	-0.044
250.11	0.010
250.49	-0.551
250.87	1.404
251.25	0.540
251.63	-0.063
252.01	0.241
252.39	0.000
252.77	0.016
253.15	0.000
253.52	0.284
253.90	1.569
254.28	-0.090
254.66	0.207
255.04	0.222
255.42	0.031
255.80	0.000
256.18	-0.639
256.56	-0.345
256.94	0.469
257.32	-0.051
257.70	0.136
258.08	-0.060
258.46	0.075
258.84	0.000
259.22	1.404
259.60	0.000
259.98	0.420
260.35	0.011
260.73	0.102
261.11	0.114
261.49	0.186
261.87	0.241
262.25	-0.191
262.63	0.130
263.01	-0.665
263.39	0.000
263.77	-0.376
264.14	0.220
264.52	-1.096
264.90	0.000
265.28	0.300
265.66	0.291
266.04	0.568
266.42	0.019
266.79	0.186
267.17	-0.880
267.55	-1.266
267.93	-0.345
268.31	-0.439
268.69	-0.060
269.06	-0.105
269.44	0.007
269.82	0.115
270.20	0.000
270.58	0.000
270.96	-0.094
271.33	0.010
271.71	-0.124
272.09	-0.077
272.47	-0.211
272.85	0.245
273.22	-0.090
273.60	0.000
273.98	0.000
274.36	-0.206
274.73	0.058
275.11	0.000
275.49	0.016
275.87	0.300
276.25	0.222
276.62	-0.977
277.00	0.928
277.38	-0.275
277.76	0.013
278.13	-0.111
278.51	0.000
278.89	0.000
279.26	0.241
279.64	-0.185
280.02	0.000
280.40	0.000
280.77	-0.179
281.15	0.186
281.53	0.000
281.90	0.107
282.28	0.025
282.66	-0.142
283.04	-0.424
283.41	-0.063
283.79	0.284
284.17	0.000
284.54	0.220
284.92	0.301
285.30	0.182
285.67	0.180
286.05	-0.147
286.43	0.000
286.80	-0.090
287.18	0.568
287.56	0.000
287.93	-0.235
288.31	0.044
288.69	-0.588
289.06	-0.328
289.44	-0.252
289.81	0.182
290.19	0.678
290.57	0.178
290.94	-0.376
291.32	0.000
291.70	0.000
292.07	-0.278
292.45	-0.129
292.82	-0.181
293.20	-0.191
293.58	0.182
293.95	0.088
294.33	0.222
294.70	0.057
295.08	0.000
295.45	-0.077
295.83	-0.188
296.21	-0.077
296.58	0.025
296.96	-1.266
297.33	0.000
297.71	0.000
298.08	-0.044
298.46	0.000
298.83	-0.094
299.21	0.000
299.58	-0.188
299.96	0.364
300.34	0.000
300.71	0.245
301.09	-0.179
301.46	-1.266
301.84	0.284
302.21	0.186
302.59	0.000
302.96	0.152
303.34	-0.945
303.71	-0.545
304.09	-0.181
304.46	0.088
304.84	0.222
305.21	0.226
305.58	-0.044
305.96	0.000
306.33	-0.094
306.71	-0.153
307.08	0.035
307.46	0.000
307.83	0.066
308.21	0.022
308.58	0.075
308.96	0.000
309.33	0.000
309.70	-0.219
310.08	0.000
310.45	0.014
310.83	-0.138
311.20	0.031
311.57	-0.027
311.95	0.031
312.32	0.000
312.70	0.301
313.07	0.261
313.44	0.797
313.82	0.628
314.19	0.088
314.57	0.514
314.94	-0.219
315.31	1.184
315.69	-0.153
316.06	0.253
316.43	0.300
316.81	0.628
317.18	0.000
317.55	0.220
317.93	0.014
318.30	0.617
318.68	-0.133
319.05	-0.156
319.42	0.000
319.79	0.411
320.17	0.010
320.54	0.151
320.91	0.131
321.29	0.540
321.66	-0.252
322.03	0.013
322.41	0.010
322.78	0.107
323.15	-1.332
323.53	-0.179
323.90	0.394
324.27	0.452
324.64	-0.054
325.02	0.700
325.39	0.245
325.76	-0.241
326.13	0.142
326.51	-0.179
326.88	-0.047
327.25	0.134
327.62	0.226
328.00	0.075
328.37	0.199
328.74	0.000
329.11	-0.031
329.49	-0.060
329.86	0.454
330.23	0.234
330.60	0.465
330.97	0.205
331.35	0.159
331.72	-0.035
332.09	0.077
332.46	-0.032
332.83	0.010
333.21	0.178
333.58	0.142
333.95	-0.316
334.32	-0.047
334.69	0.151
335.06	0.144
335.44	0.205
335.81	-0.115
336.18	-0.076
336.55	0.163
336.92	0.151
337.29	0.058
337.67	0.137
338.04	0.341
338.41	0.211
338.78	-0.025
339.15	0.035
339.52	0.108
339.89	0.044
340.26	0.006
340.63	0.044
341.01	0.077
341.38	-0.019
341.75	0.034
342.12	0.099
342.49	0.273
342.86	0.044
343.23	-0.070
343.60	0.100
343.97	0.108
344.34	-0.090
344.71	0.431
345.08	0.090
345.46	0.178
345.83	0.090
346.20	0.244
346.57	-0.029
346.94	0.082
347.31	0.088
347.68	-0.044
348.05	0.062
348.42	0.073
348.79	-0.077
349.16	0.004
349.53	0.114
349.90	0.159
350.27	0.005
350.64	0.037
351.01	0.054
351.38	0.078
351.75	0.151
352.12	-0.148
352.49	0.043
352.86	-0.017
353.23	0.003
353.60	0.127
353.97	0.106
354.34	-0.034
354.71	0.162
355.08	0.187
355.44	0.104
355.81	0.003
356.18	0.075
356.55	0.003
356.92	0.081
357.29	0.170
357.66	0.204
358.03	0.122
358.40	0.154
358.77	0.046
359.14	0.286
359.51	0.043
359.88	0.102
360.24	0.134
360.61	0.045
360.98	0.041
361.35	0.143
361.72	0.106
362.09	0.091
362.46	0.045
362.83	0.093
363.19	0.046
363.56	0.046
363.93	0.044
364.30	0.092
364.67	0.065
365.04	0.064
365.41	0.063
365.77	0.109
366.14	0.077
366.51	0.109
366.88	0.052
367.25	0.140
367.61	0.123
367.98	0.156
368.35	0.064
368.72	0.041
369.09	0.061
369.45	0.098
369.82	0.163
370.19	0.087
370.56	0.148
370.93	0.031
371.29	0.096
371.66	0.157
372.03	0.030
372.40	0.091
372.76	0.090
373.13	0.071
373.50	0.066
373.87	0.062
374.23	0.032
374.60	0.074
374.97	0.055
375.34	0.029
375.70	0.057
376.07	0.115
376.44	0.083
376.80	0.084
377.17	0.095
377.54	0.050
377.91	0.070
378.27	0.048
378.64	0.045
379.01	0.078
379.37	0.088
379.74	0.102
380.11	0.094
380.47	0.128
380.84	0.059
381.21	0.102
381.57	0.072
381.94	0.089
382.31	0.112
382.67	0.090
383.04	0.060
383.41	0.080
383.77	0.091
384.14	0.117
384.50	0.081
384.87	0.110
385.24	0.088
385.60	0.087
385.97	0.093
386.34	0.072
386.70	0.074
387.07	0.074
387.43	0.081
387.80	0.102
388.16	0.083
388.53	0.081
388.90	0.077
389.26	0.054
389.63	0.066
389.99	0.089
390.36	0.098
390.72	0.113
391.09	0.093
391.46	0.086
391.82	0.089
392.19	0.110
392.55	0.079
392.92	0.095
393.28	0.096
393.65	0.089
394.01	0.096
394.38	0.095
394.74	0.087
395.11	0.087
395.47	0.094
395.84	0.107
396.20	0.090
396.57	0.081
396.93	0.098
397.30	0.135
397.66	0.084
398.03	0.074
398.39	0.080
398.76	0.081
399.12	0.087
399.48	0.100
399.85	0.088
400.21	0.097
400.58	0.082
400.94	0.085
401.31	0.096
401.67	0.079
402.04	0.095
402.40	0.105
402.76	0.086
403.13	0.094
403.49	0.085
403.86	0.093
404.22	0.087
404.58	0.080
404.95	0.085
405.31	0.108
405.68	0.073
406.04	0.103
406.40	0.092
406.77	0.100
407.13	0.100
407.49	0.073
407.86	0.092
408.22	0.096
408.58	0.091
408.95	0.092
409.31	0.095
409.67	0.086
410.04	0.102
410.40	0.094
410.76	0.078
411.13	0.098
411.49	0.096
411.85	0.078
412.22	0.081
412.58	0.094
412.94	0.083
413.31	0.092
413.67	0.079
414.03	0.099
414.39	0.088
414.76	0.076
415.12	0.104
415.48	0.104
415.84	0.096
416.21	0.096
416.57	0.089
416.93	0.074
417.29	0.091
417.66	0.088
418.02	0.102
418.38	0.105
418.74	0.094
419.11	0.093
419.47	0.098
419.83	0.100
420.19	0.104
420.55	0.076
420.92	0.102
421.28	0.093
421.64	0.094
422.00	0.109
422.36	0.096
422.73	0.084
423.09	0.091
423.45	0.097
423.81	0.092
424.17	0.107
424.53	0.103
424.90	0.095
425.26	0.080
425.62	0.095
425.98	0.099
426.34	0.094
426.70	0.093
427.06	0.088
427.43	0.085
427.79	0.098
428.15	0.088
428.51	0.085
428.87	0.091
429.23	0.095
429.59	0.095
429.95	0.087
430.31	0.094
430.67	0.093
431.03	0.095
431.40	0.096
431.76	0.103
432.12	0.097
432.48	0.082
432.84	0.083
433.20	0.111
433.56	0.088
433.92	0.102
434.28	0.088
434.64	0.083
435.00	0.088
435.36	0.094
435.72	0.101
436.08	0.088
436.44	0.101
436.80	0.096
437.16	0.096
437.52	0.101
437.88	0.099
438.24	0.103
438.60	0.097
438.96	0.082
439.32	0.095
439.68	0.101
440.04	0.097
440.40	0.096
440.76	0.098
441.12	0.080
441.48	0.093
441.84	0.092
442.20	0.092
442.56	0.097
442.92	0.092
443.28	0.094
443.63	0.097
443.99	0.089
444.35	0.098
444.71	0.089
445.07	0.093
445.43	0.104
445.79	0.082
446.15	0.087
446.51	0.091
446.87	0.091
447.22	0.095
447.58	0.095
447.94	0.099
448.30	0.092
448.66	0.089
449.02	0.096
449.38	0.089
449.74	0.088
450.09	0.107
450.45	0.094
450.81	0.098
451.17	0.103
451.53	0.090
451.89	0.097
452.24	0.092
452.60	0.092
452.96	0.084
453.32	0.097
453.68	0.100
454.03	0.098
454.39	0.089
454.75	0.087
455.11	0.097
455.46	0.101
455.82	0.099
456.18	0.096
456.54	0.101
456.90	0.097
457.25	0.096
457.61	0.093
457.97	0.090
458.33	0.101
458.68	0.099
459.04	0.105
459.40	0.099
459.75	0.092
460.11	0.102
460.47	0.106
460.83	0.095
461.18	0.099
461.54	0.097
461.90	0.101
462.25	0.100
462.61	0.101
462.97	0.101
463.32	0.100
463.68	0.102
464.04	0.081
464.39	0.099
464.75	0.095
465.11	0.101
465.46	0.100
465.82	0.105
466.18	0.106
466.53	0.099
466.89	0.097
467.25	0.102
467.60	0.110
467.96	0.101
468.31	0.089
468.67	0.105
469.03	0.098
469.38	0.096
469.74	0.102
470.09	0.106
470.45	0.099
470.81	0.100
471.16	0.092
471.52	0.102
471.87	0.114
472.23	0.107
472.59	0.100
472.94	0.109
473.30	0.097
473.65	0.096
474.01	0.097
474.36	0.096
474.72	0.105
475.07	0.106
475.43	0.102
475.78	0.107
476.14	0.097
476.49	0.099
476.85	0.101
477.20	0.102
477.56	0.101
477.91	0.110
478.27	0.102
478.62	0.105
478.98	0.106
479.33	0.106
479.69	0.099
480.04	0.098
480.40	0.101
480.75	0.105
481.11	0.106
481.46	0.095
481.81	0.102
482.17	0.106
482.52	0.098
482.88	0.099
483.23	0.095
483.59	0.108
483.94	0.098
484.29	0.112
484.65	0.111
485.00	0.105
485.36	0.109
485.71	0.102
486.06	0.108
486.42	0.107
486.77	0.105
487.13	0.106
487.48	0.111
487.83	0.115
488.19	0.105
488.54	0.117
488.89	0.111
489.25	0.103
489.60	0.103
489.95	0.109
490.31	0.102
490.66	0.107
491.01	0.119
491.37	0.104
491.72	0.116
492.07	0.112
492.43	0.104
492.78	0.105
493.13	0.109
493.48	0.109
493.84	0.105
494.19	0.109
494.54	0.109
494.89	0.111
495.25	0.108
495.60	0.110
495.95	0.106
496.31	0.102
496.66	0.109
497.01	0.115
497.36	0.111
497.71	0.109
498.07	0.115
498.42	0.114
498.77	0.107
499.12	0.110
499.48	0.117
499.83	0.113
500.18	0.113
500.53	0.110
500.88	0.116
501.24	0.116
501.59	0.111
501.94	0.116
502.29	0.113
502.64	0.114
502.99	0.112
503.35	0.106
503.70	0.104
504.05	0.111
504.40	0.109
504.75	0.115
505.10	0.114
505.45	0.113
505.80	0.113
506.16	0.114
506.51	0.113
506.86	0.115
507.21	0.115
507.56	0.119
507.91	0.116
508.26	0.114
508.61	0.114
508.96	0.106
509.31	0.119
509.67	0.119
510.02	0.110
510.37	0.109
510.72	0.111
511.07	0.112
511.42	0.108
511.77	0.109
512.12	0.122
512.47	0.113
512.82	0.111
513.17	0.112
513.52	0.118
513.87	0.114
514.22	0.112
514.57	0.113
514.92	0.118
515.27	0.114
515.62	0.113
515.97	0.107
516.32	0.114
516.67	0.107
517.02	0.112
517.37	0.116
517.72	0.114
518.07	0.114
518.42	0.115
518.77	0.120
519.12	0.114
519.47	0.115
519.82	0.119
520.16	0.114
520.51	0.113
520.86	0.110
521.21	0.116
521.56	0.114
521.91	0.115
522.26	0.114
522.61	0.113
522.96	0.121
523.31	0.113
523.65	0.112
524.00	0.117
524.35	0.117
524.70	0.111
525.05	0.113
525.40	0.114
525.75	0.118
526.09	0.112
526.44	0.110
526.79	0.121
527.14	0.114
527.49	0.114
527.84	0.115
528.18	0.111
528.53	0.117
528.88	0.113
529.23	0.111
529.58	0.118
529.92	0.117
530.27	0.111
530.62	0.117
530.97	0.119
531.32	0.115
531.66	0.114
532.01	0.112
532.36	0.115
532.71	0.118
533.05	0.116
533.40	0.118
533.75	0.118
534.10	0.116
534.44	0.110
534.79	0.113
535.14	0.122
535.48	0.115
535.83	0.117
536.18	0.114
536.53	0.116
536.87	0.110
537.22	0.124
537.57	0.117
537.91	0.111
538.26	0.115
538.61	0.123
538.95	0.114
539.30	0.115
539.65	0.116
539.99	0.109
540.34	0.119
540.69	0.122
541.03	0.118
541.38	0.118
541.73	0.122
542.07	0.118
542.42	0.117
542.76	0.122
543.11	0.117
543.46	0.117
543.80	0.117
544.15	0.114
544.49	0.115
544.84	0.117
545.18	0.113
545.53	0.116
545.88	0.117
546.22	0.122
546.57	0.116
546.91	0.120
547.26	0.118
547.60	0.118
547.95	0.116
548.29	0.117
548.64	0.119
548.99	0.115
549.33	0.118
549.68	0.117
550.02	0.116
550.37	0.121
550.71	0.115
551.06	0.118
551.40	0.118
551.75	0.123
552.09	0.114
552.43	0.116
552.78	0.116
553.12	0.119
553.47	0.116
553.81	0.118
554.16	0.124
554.50	0.127
554.85	0.121
555.19	0.117
555.54	0.114
555.88	0.118
556.22	0.114
556.57	0.118
556.91	0.116
557.26	0.117
557.60	0.115
557.94	0.110
558.29	0.119
558.63	0.114
558.98	0.116
559.32	0.113
559.66	0.114
560.01	0.114
560.35	0.118
560.69	0.117
561.04	0.113
561.38	0.117
561.72	0.116
562.07	0.116
562.41	0.117
562.75	0.116
563.10	0.115
563.44	0.118
563.78	0.113
564.13	0.113
564.47	0.112
564.81	0.117
565.16	0.118
565.50	0.114
565.84	0.115
566.18	0.113
566.53	0.116
566.87	0.115
567.21	0.111
567.55	0.113
567.90	0.107
568.24	0.116
568.58	0.109
568.92	0.109
569.27	0.111
569.61	0.108
569.95	0.115
570.29	0.111
570.63	0.112
570.98	0.113
571.32	0.111
571.66	0.107
572.00	0.106
572.34	0.108
572.69	0.111
573.03	0.106
573.37	0.107
573.71	0.109
574.05	0.107
574.39	0.110
574.74	0.107
575.08	0.109
575.42	0.109
575.76	0.107
576.10	0.103
576.44	0.111
576.78	0.109
577.12	0.112
577.47	0.107
577.81	0.103
578.15	0.108
578.49	0.103
578.83	0.103
579.17	0.107
579.51	0.102
579.85	0.105
580.19	0.107
580.53	0.107
580.87	0.108
581.21	0.109
581.55	0.102
581.89	0.104
582.24	0.104
582.58	0.104
582.92	0.101
583.26	0.103
583.60	0.103
583.94	0.106
584.28	0.103
584.62	0.107
584.96	0.104
585.30	0.105
585.64	0.102
585.98	0.103
586.32	0.100
586.66	0.101
586.99	0.102
587.33	0.107
587.67	0.110
588.01	0.095
588.35	0.100
588.69	0.104
589.03	0.107
589.37	0.103
589.71	0.103
590.05	0.104
590.39	0.099
590.73	0.107
591.07	0.103
591.41	0.103
591.74	0.101
592.08	0.102
592.42	0.102
592.76	0.103
593.10	0.102
593.44	0.103
593.78	0.107
594.12	0.105
594.45	0.104
594.79	0.100
595.13	0.103
595.47	0.104
595.81	0.104
596.15	0.101
596.48	0.100
596.82	0.104
597.16	0.103
597.50	0.103
597.84	0.103
598.17	0.103
598.51	0.102
598.85	0.106
599.19	0.101
599.53	0.109
599.86	0.104
600.20	0.107
600.54	0.104
600.88	0.107
601.21	0.102
601.55	0.104
601.89	0.108
602.23	0.103
602.56	0.105
602.90	0.114
603.24	0.100
603.57	0.101
603.91	0.103
604.25	0.103
604.58	0.100
604.92	0.103
605.26	0.100
605.60	0.101
605.93	0.101
606.27	0.103
606.61	0.102
606.94	0.096
607.28	0.100
607.61	0.097
607.95	0.098
608.29	0.103
608.62	0.099
608.96	0.098
609.30	0.098
609.63	0.094
609.97	0.099
610.30	0.095
610.64	0.097
610.98	0.094
611.31	0.090
611.65	0.095
611.98	0.089
612.32	0.090
612.66	0.085
612.99	0.089
613.33	0.088
613.66	0.086
614.00	0.085
614.33	0.087
614.67	0.083
615.00	0.085
615.34	0.084
615.67	0.082
616.01	0.088
616.34	0.089
616.68	0.085
617.01	0.089
617.35	0.085
617.68	0.087
618.02	0.083
618.35	0.085
618.69	0.088
619.02	0.090
619.36	0.086
619.69	0.089
620.03	0.088
620.36	0.089
620.70	0.086
621.03	0.087
621.37	0.088
621.70	0.085
622.03	0.085
622.37	0.089
622.70	0.090
623.04	0.088
623.37	0.088
623.70	0.087
624.04	0.086
624.37	0.084
624.71	0.091
625.04	0.086
625.37	0.086
625.71	0.083
626.04	0.084
626.37	0.086
626.71	0.082
627.04	0.087
627.37	0.080
627.71	0.083
628.04	0.087
628.37	0.077
628.71	0.081
629.04	0.084
629.37	0.078
629.71	0.076
630.04	0.079
630.37	0.084
630.70	0.075
631.04	0.077
631.37	0.076
631.70	0.070
632.04	0.078
632.37	0.078
632.70	0.075
633.03	0.073
633.37	0.079
633.70	0.071
634.03	0.074
634.36	0.077
634.69	0.076
635.03	0.073
635.36	0.070
635.69	0.073
636.02	0.070
636.35	0.069
636.69	0.069
637.02	0.072
637.35	0.070
637.68	0.072
638.01	0.073
638.34	0.073
638.68	0.070
639.01	0.066
639.34	0.073
639.67	0.072
640.00	0.071
640.33	0.068
640.66	0.069
641.00	0.068
641.33	0.070
641.66	0.068
641.99	0.070
642.32	0.071
642.65	0.065
642.98	0.067
643.31	0.065
643.64	0.068
643.97	0.064
644.30	0.066
644.63	0.062
644.96	0.068
645.30	0.068
645.63	0.060
645.96	0.065
646.29	0.066
646.62	0.069
646.95	0.059
647.28	0.066
647.61	0.072
647.94	0.070
648.27	0.062
648.60	0.067
648.93	0.071
649.26	0.069
649.59	0.064
649.92	0.066
650.25	0.069
650.58	0.065
650.90	0.065
651.23	0.063
651.56	0.071
651.89	0.065
652.22	0.060
652.55	0.063
652.88	0.064
653.21	0.070
653.54	0.064
653.87	0.063
654.20	0.063
654.53	0.063
654.85	0.060
655.18	0.065
655.51	0.061
655.84	0.067
656.17	0.069
656.50	0.061
656.83	0.062
657.16	0.065
657.48	0.061
657.81	0.059
658.14	0.066
658.47	0.063
658.80	0.064
659.12	0.059
659.45	0.063
659.78	0.064
660.11	0.065
660.44	0.068
660.76	0.064
661.09	0.061
661.42	0.065
661.75	0.057
662.08	0.060
662.40	0.062
662.73	0.061
663.06	0.061
663.39	0.065
663.71	0.058
664.04	0.061
664.37	0.062
664.70	0.062
665.02	0.060
665.35	0.061
665.68	0.060
666.00	0.062
666.33	0.061
666.66	0.054
666.98	0.062
667.31	0.059
667.64	0.058
667.96	0.063
668.29	0.067
668.62	0.061
668.94	0.058
669.27	0.063
669.60	0.061
669.92	0.063
670.25	0.059
670.58	0.058
670.90	0.063
671.23	0.061
671.55	0.063
671.88	0.057
672.21	0.055
672.53	0.058
672.86	0.062
673.18	0.057
673.51	0.055
673.83	0.058
674.16	0.057
674.49	0.061
674.81	0.062
675.14	0.063
675.46	0.061
675.79	0.060
676.11	0.057
676.44	0.060
676.76	0.061
677.09	0.059
677.41	0.059
677.74	0.056
678.06	0.061
678.39	0.057
678.71	0.059
679.04	0.058
679.36	0.061
679.69	0.053
680.01	0.060
680.34	0.062
680.66	0.061
680.99	0.061
681.31	0.060
681.63	0.061
681.96	0.062
682.28	0.065
682.61	0.057
682.93	0.056
683.25	0.057
683.58	0.056
683.90	0.058
684.23	0.060
684.55	0.062
684.87	0.068
685.20	0.055
685.52	0.060
685.84	0.057
686.17	0.059
686.49	0.060
686.82	0.066
687.14	0.060
687.46	0.059
687.79	0.060
688.11	0.056
688.43	0.065
688.75	0.059
689.08	0.063
689.40	0.062
689.72	0.059
690.05	0.060
690.37	0.062
690.69	0.059
691.01	0.060
691.34	0.060
691.66	0.062
691.98	0.058
692.30	0.060
692.63	0.057
692.95	0.055
693.27	0.061
693.59	0.060
693.92	0.060
694.24	0.064
694.56	0.068
694.88	0.056
695.20	0.065
695.53	0.055
695.85	0.061
696.17	0.065
696.49	0.062
696.81	0.061
697.13	0.066
697.46	0.054
697.78	0.057
698.10	0.056
698.42	0.053
698.74	0.056
699.06	0.067
699.38	0.059
699.71	0.055
700.03	0.058
700.35	0.061
700.67	0.056
700.99	0.065
701.31	0.062
701.63	0.056
701.95	0.055
702.27	0.057
702.59	0.057
702.91	0.062
703.23	0.059
703.55	0.058
703.87	0.056
704.20	0.060
704.52	0.060
704.84	0.056
705.16	0.057
705.48	0.052
705.80	0.065
706.12	0.060
706.44	0.056
706.76	0.057
707.08	0.059
707.40	0.064
707.72	0.056
708.03	0.062
708.35	0.066
708.67	0.058
708.99	0.062
709.31	0.062
709.63	0.059
709.95	0.064
710.27	0.056
710.59	0.061
710.91	0.063
711.23	0.057
711.55	0.064
711.87	0.053
712.19	0.062
712.50	0.061
712.82	0.054
713.14	0.058
713.46	0.060
713.78	0.066
714.10	0.058
714.42	0.053
714.73	0.062
715.05	0.062
715.37	0.057
715.69	0.069
716.01	0.058
716.33	0.061
716.64	0.061
716.96	0.052
717.28	0.060
717.60	0.062
717.92	0.061
718.23	0.060
718.55	0.058
718.87	0.065
719.19	0.064
719.50	0.063
719.82	0.061
720.14	0.064
720.46	0.059
720.77	0.058
721.09	0.060
721.41	0.067
721.73	0.066
722.04	0.059
722.36	0.064
722.68	0.055
722.99	0.059
723.31	0.052
723.63	0.057
723.94	0.060
724.26	0.057
724.58	0.062
724.89	0.059
725.21	0.060
725.53	0.060
725.84	0.063
726.16	0.062
726.48	0.048
726.79	0.052
727.11	0.055
727.42	0.058
727.74	0.060
728.06	0.057
728.37	0.055
728.69	0.055
729.00	0.057
729.32	0.053
729.64	0.056
729.95	0.049
730.27	0.061
730.58	0.056
730.90	0.059
731.21	0.057
731.53	0.056
731.84	0.063
732.16	0.062
732.47	0.054
732.79	0.056
733.10	0.057
733.42	0.060
733.73	0.053
734.05	0.054
734.36	0.062
734.68	0.062
734.99	0.060
735.31	0.065
735.62	0.062
735.94	0.062
736.25	0.063
736.57	0.055
736.88	0.052
737.19	0.060
737.51	0.052
737.82	0.061
738.14	0.058
738.45	0.064
738.76	0.056
739.08	0.053
739.39	0.057
739.71	0.054
740.02	0.061
740.33	0.061
740.65	0.058
740.96	0.054
741.27	0.052
741.59	0.064
741.90	0.059
742.21	0.064
742.53	0.054
742.84	0.056
743.15	0.054
743.47	0.047
743.78	0.056
744.09	0.064
744.41	0.054
744.72	0.062
745.03	0.057
745.34	0.058
745.66	0.051
745.97	0.059
746.28	0.057
746.59	0.053
746.91	0.051
747.22	0.064
747.53	0.054
747.84	0.055
748.16	0.056
748.47	0.059
748.78	0.060
749.09	0.063
749.40	0.060
749.72	0.056
750.03	0.051
750.34	0.059
750.65	0.057
750.96	0.054
751.28	0.055
751.59	0.060
751.90	0.053
752.21	0.056
752.52	0.061
752.83	0.064
753.14	0.053
753.45	0.059
753.77	0.061
754.08	0.064
754.39	0.061
754.70	0.049
755.01	0.056
755.32	0.056
755.63	0.056
755.94	0.054
756.25	0.052
756.56	0.054
756.87	0.053
757.18	0.047
757.49	0.057
757.80	0.057
758.12	0.053
758.43	0.053
758.74	0.053
759.05	0.057
759.36	0.062
759.67	0.057
759.98	0.057
760.29	0.056
760.60	0.054
760.90	0.060
761.21	0.053
761.52	0.054
761.83	0.047
762.14	0.049
762.45	0.049
762.76	0.043
763.07	0.053
763.38	0.055
763.69	0.060
764.00	0.054
764.31	0.047
764.62	0.060
764.93	0.056
765.23	0.053
765.54	0.064
765.85	0.055
766.16	0.056
766.47	0.051
766.78	0.059
767.09	0.051
767.40	0.060
767.70	0.055
768.01	0.052
768.32	0.057
768.63	0.058
768.94	0.057
769.24	0.059
769.55	0.055
769.86	0.059
770.17	0.057
770.48	0.059
770.78	0.066
771.09	0.052
771.40	0.059
771.71	0.061
772.01	0.062
772.32	0.051
772.63	0.051
772.94	0.058
773.24	0.057
773.55	0.059
773.86	0.048
774.17	0.054
774.47	0.053
774.78	0.055
775.09	0.058
775.39	0.063
775.70	0.063
776.01	0.050
776.31	0.062
776.62	0.053
776.93	0.046
777.23	0.061
777.54	0.052
777.85	0.056
778.15	0.059
778.46	0.058
778.77	0.049
779.07	0.053
779.38	0.046
779.68	0.052
779.99	0.065
780.30	0.062
780.60	0.061
780.91	0.049
781.21	0.064
781.52	0.056
781.82	0.044
782.13	0.050
782.43	0.046
782.74	0.054
783.05	0.059
783.35	0.051
783.66	0.058
783.96	0.060
784.27	0.066
784.57	0.059
784.88	0.056
785.18	0.051
785.49	0.055
785.79	0.060
786.10	0.045
786.40	0.052
786.70	0.042
787.01	0.045
787.31	0.049
787.62	0.057
787.92	0.050
788.23	0.053
788.53	0.050
788.84	0.048
789.14	0.050
789.44	0.051
789.75	0.058
790.05	0.062
790.36	0.050
790.66	0.048
790.96	0.056
791.27	0.053
791.57	0.060
791.87	0.048
792.18	0.045
792.48	0.055
792.78	0.072
793.09	0.054
793.39	0.055
793.69	0.053
794.00	0.056
794.30	0.055
794.60	0.054
794.91	0.052
795.21	0.057
795.51	0.042
795.81	0.054
796.12	0.055
796.42	0.054
796.72	0.053
797.02	0.053
797.33	0.061
797.63	0.055
797.93	0.066
798.23	0.058
798.54	0.055
798.84	0.052
799.14	0.070
799.44	0.052
799.74	0.049
800.05	0.063
800.35	0.071
800.65	0.054
800.95	0.051
801.25	0.058
801.55	0.054
801.86	0.061
802.16	0.053
802.46	0.054
802.76	0.047
803.06	0.049
803.36	0.052
803.66	0.054
803.96	0.062
804.26	0.051
804.57	0.050
804.87	0.054
805.17	0.048
805.47	0.048
805.77	0.044
806.07	0.046
806.37	0.054
806.67	0.065
806.97	0.048
807.27	0.053
807.57	0.055
807.87	0.050
808.17	0.060
808.47	0.061
808.77	0.052
809.07	0.053
809.37	0.048
809.67	0.049
809.97	0.057
810.27	0.059
810.57	0.059
810.87	0.051
811.17	0.068
811.47	0.071
811.77	0.045
812.07	0.062
812.37	0.056
812.67	0.054
812.97	0.069
813.26	0.061
813.56	0.048
813.86	0.057
814.16	0.051
814.46	0.060
814.76	0.045
815.06	0.048
815.36	0.043
815.66	0.055
815.95	0.042
816.25	0.050
816.55	0.056
816.85	0.055
817.15	0.053
817.45	0.048
817.74	0.050
818.04	0.071
818.34	0.058
818.64	0.056
818.94	0.039
819.23	0.060
819.53	0.049
819.83	0.059
820.13	0.057
820.42	0.061
820.72	0.042
821.02	0.062
821.32	0.052
821.61	0.056
821.91	0.042
822.21	0.062
822.50	0.054
822.80	0.059
823.10	0.052
823.40	0.056
823.69	0.041
823.99	0.049
824.29	0.057
824.58	0.058
824.88	0.060
825.18	0.054
825.47	0.056
825.77	0.064
826.06	0.047
826.36	0.060
826.66	0.050
826.95	0.055
827.25	0.047
827.55	0.054
827.84	0.057
828.14	0.062
828.43	0.050
828.73	0.045
829.02	0.056
829.32	0.064
829.62	0.062
829.91	0.072
830.21	0.059
830.50	0.052
830.80	0.053
831.09	0.052
831.39	0.048
831.68	0.064
831.98	0.051
832.27	0.043
832.57	0.053
832.86	0.062
833.16	0.053
833.45	0.071
833.75	0.029
834.04	0.068
834.34	0.054
834.63	0.044
834.93	0.057
835.22	0.053
835.51	0.028
835.81	0.047
836.10	0.052
836.40	0.026
836.69	0.045
836.98	0.047
837.28	0.055
837.57	0.048
837.87	0.064
838.16	0.036
838.45	0.044
838.75	0.045
839.04	0.058
839.33	0.054
839.63	0.046
839.92	0.046
840.21	0.063
840.51	0.063
840.80	0.062
841.09	0.064
841.39	0.057
841.68	0.070
841.97	0.051
842.26	0.045
842.56	0.030
842.85	0.052
843.14	0.060
843.43	0.050
843.73	0.057
844.02	0.059
844.31	0.051
844.60	0.056
844.90	0.056
845.19	0.059
845.48	0.053
845.77	0.038
846.06	0.041
846.36	0.051
846.65	0.055
846.94	0.045
847.23	0.072
847.52	0.045
847.81	0.048
848.11	0.048
848.40	0.056
848.69	0.058
848.98	0.065
849.27	0.041
849.56	0.054
849.85	0.073
850.14	0.046
850.44	0.054
850.73	0.064
851.02	0.070
851.31	0.040
851.60	0.043
851.89	0.020
852.18	0.047
852.47	0.047
852.76	0.036
853.05	0.051
853.34	0.046
853.63	0.045
853.92	0.070
854.21	0.039
854.50	0.062
854.79	0.059
855.08	0.058
855.37	0.054
855.66	0.060
855.95	0.048
856.24	0.045
856.53	0.050
856.82	0.044
857.11	0.052
857.40	0.050
857.69	0.063
857.98	0.048
858.27	0.067
858.56	0.044
858.84	0.062
859.13	0.044
859.42	0.066
859.71	0.052
860.00	0.054
860.29	0.060
860.58	0.045
860.87	0.070
861.15	0.054
861.44	0.054
861.73	0.063
862.02	0.037
862.31	0.051
862.60	0.056
862.88	0.044
863.17	0.056
863.46	0.065
863.75	0.069
864.04	0.050
864.32	0.061
864.61	0.063
864.90	0.061
865.19	0.068
865.47	0.056
865.76	0.045
866.05	0.065
866.34	0.054
866.62	0.056
866.91	0.038
867.20	0.043
867.49	0.041
867.77	0.039
868.06	0.065
868.35	0.063
868.63	0.070
868.92	0.063
869.21	0.048
869.49	0.094
869.78	0.056
870.07	0.077
870.35	0.073
870.64	0.055
870.92	0.038
871.21	0.035
871.50	0.064
871.78	0.040
872.07	0.037
872.35	0.056
872.64	0.067
872.93	0.063
873.21	0.075
873.50	0.062
873.78	0.041
874.07	0.036
874.35	0.072
874.64	0.028
874.93	0.052
875.21	0.065
875.50	0.051
875.78	0.055
876.07	0.071
876.35	0.071
876.64	0.050