177.27	0.000
177.66	0.000
178.05	-1.014
178.43	0.367
178.82	-0.280
179.21	0.502
179.59	0.000
179.98	0.000
180.36	0.000
180.75	0.000
181.14	0.000
181.52	1.189
181.91	0.000
182.29	0.000
182.68	0.000
183.07	0.000
183.45	0.000
183.84	0.000
184.22	0.000
184.61	0.000
185.00	0.000
185.38	0.017
185.77	0.000
186.15	0.024
186.54	0.272
186.93	0.000
187.31	-0.294
187.70	0.000
188.08	0.000
188.47	0.000
188.85	0.234
189.24	0.000
189.62	0.079
190.01	0.290
190.39	-0.349
190.78	-0.407
191.17	0.000
191.55	0.000
191.94	0.713
192.32	-0.097
192.71	-0.287
193.09	0.083
193.48	-1.125
193.86	0.502
194.25	-1.213
194.63	0.137
195.02	0.000
195.40	0.000
195.79	0.470
196.17	-0.130
196.56	0.476
196.94	-0.151
197.33	-0.125
197.71	0.000
198.10	-0.684
198.48	0.126
198.87	0.000
199.25	0.992
199.63	-0.100
200.02	0.000
200.40	0.129
200.79	0.000
201.17	0.065
201.56	0.000
201.94	-0.100
202.33	-0.186
202.71	0.713
203.09	0.000
203.48	0.000
203.86	-0.353
204.25	-0.145
204.63	0.000
205.02	-0.173
205.40	0.000
205.78	0.205
206.17	0.071
206.55	0.153
206.94	0.248
207.32	0.000
207.70	-0.467
208.09	0.000
208.47	0.000
208.86	0.000
209.24	0.000
209.62	0.000
210.01	0.011
210.39	0.640
210.77	0.520
211.16	-0.248
211.54	0.280
211.92	-0.611
212.31	0.845
212.69	-0.504
213.07	0.011
213.46	-0.100
213.84	-0.407
214.23	0.137
214.61	-1.115
214.99	0.868
215.37	0.013
215.76	0.470
216.14	0.017
216.52	-1.014
216.91	0.000
217.29	-0.170
217.67	0.000
218.06	0.000
218.44	0.000
218.82	-0.006
219.21	-0.110
219.59	-0.413
219.97	0.349
220.35	-0.126
220.74	0.000
221.12	-0.638
221.50	-1.115
221.88	0.129
222.27	-0.097
222.65	0.000
223.03	1.101
223.42	-0.523
223.80	-0.513
224.18	-0.170
224.56	0.000
224.94	-0.287
225.33	-0.467
225.71	-0.126
226.09	0.214
226.47	1.072
226.86	0.083
227.24	-0.021
227.62	-0.556
228.00	-0.638
228.38	0.126
228.77	0.000
229.15	0.146
229.53	0.322
229.91	0.382
230.29	-0.290
230.68	0.440
231.06	0.000
231.44	0.000
231.82	0.000
232.20	-0.556
232.59	0.189
232.97	0.622
233.35	0.000
233.73	0.011
234.11	0.000
234.49	0.137
234.87	-0.349
235.26	-0.130
235.64	-0.071
236.02	-0.151
236.40	0.000
236.78	-0.151
237.16	0.868
237.54	0.173
237.93	0.713
238.31	0.017
238.69	-0.611
239.07	0.367
239.45	0.111
239.83	0.742
240.21	0.000
240.59	0.024
240.97	-0.126
241.35	-0.186
241.74	0.133
242.12	0.013
242.50	0.982
242.88	0.000
243.26	-0.008
243.64	-0.186
244.02	0.000
244.40	0.000
244.78	0.184
245.16	-0.151
245.54	0.475
245.92	0.000
246.30	-0.100
246.68	0.040
247.06	-1.125
247.44	-1.041
247.82	-0.264
248.20	0.557
248.59	0.640
248.97	-0.127
249.35	-0.126
249.73	0.071
250.11	0.000
250.49	-0.353
250.87	0.000
251.25	0.013
251.63	-0.009
252.01	0.008
252.39	0.000
252.77	0.607
253.15	0.000
253.52	-0.407
253.90	1.147
254.28	0.017
254.66	-0.055
255.04	0.214
255.42	-0.170
255.80	0.000
256.18	-0.368
256.56	0.040
256.94	1.315
257.32	-0.243
257.70	0.982
258.08	0.011
258.46	-0.194
258.84	-0.097
259.22	0.000
259.60	0.000
259.98	0.049
260.35	-0.097
260.73	0.476
261.11	0.845
261.49	-0.214
261.87	0.742
262.25	0.133
262.63	0.200
263.01	0.000
263.39	0.000
263.77	0.000
264.14	0.000
264.52	-1.014
264.90	0.040
265.28	0.000
265.66	1.101
266.04	0.247
266.42	0.520
266.79	0.361
267.17	-0.556
267.55	-0.638
267.93	0.040
268.31	0.361
268.69	-0.352
269.06	-0.081
269.44	0.194
269.82	-0.005
270.20	0.622
270.58	0.000
270.96	0.349
271.33	-0.007
271.71	-0.183
272.09	-0.012
272.47	-0.077
272.85	-0.062
273.22	-0.186
273.60	0.000
273.98	0.000
274.36	-0.125
274.73	0.248
275.11	0.000
275.49	0.100
275.87	0.713
276.25	0.011
276.62	-0.638
277.00	-0.130
277.38	0.247
277.76	0.009
278.13	0.640
278.51	0.000
278.89	0.000
279.26	0.235
279.64	-0.083
280.02	-0.444
280.40	0.000
280.77	0.214
281.15	0.133
281.53	0.000
281.90	-0.200
282.28	0.992
282.66	0.056
283.04	0.000
283.41	0.189
283.79	0.024
284.17	0.000
284.54	0.000
284.92	0.625
285.30	0.000
285.67	0.098
286.05	-0.151
286.43	0.000
286.80	0.017
287.18	-0.012
287.56	0.000
287.93	-0.200
288.31	0.041
288.69	0.000
289.06	0.000
289.44	0.206
289.81	0.410
290.19	0.278
290.57	0.111
290.94	-0.037
291.32	0.000
291.70	0.000
292.07	0.009
292.45	1.072
292.82	-0.097
293.20	0.361
293.58	0.992
293.95	-0.008
294.33	0.011
294.70	-0.264
295.08	-0.467
295.45	0.247
295.83	0.622
296.21	-0.012
296.58	0.017
296.96	-0.866
297.33	0.000
297.71	0.565
298.08	0.235
298.46	0.000
298.83	0.502
299.21	0.000
299.58	-0.200
299.96	0.476
300.34	0.000
300.71	0.129
301.09	-0.048
301.46	-1.125
301.84	0.000
302.21	-0.126
302.59	0.367
302.96	-0.062
303.34	-0.684
303.71	-0.638
304.09	0.992
304.46	0.412
304.84	0.367
305.21	0.189
305.58	-0.097
305.96	0.000
306.33	-0.097
306.71	-0.290
307.08	-0.659
307.46	-0.015
307.83	0.557
308.21	0.000
308.58	0.349
308.96	0.000
309.33	0.000
309.70	0.475
310.08	0.000
310.45	0.565
310.83	-0.181
311.20	-0.170
311.57	0.041
311.95	-0.368
312.32	0.264
312.70	0.264
313.07	0.331
313.44	0.000
313.82	0.607
314.19	0.153
314.57	0.008
314.94	0.099
315.31	0.000
315.69	0.247
316.06	0.006
316.43	-0.100
316.81	-0.232
317.18	0.247
317.55	-0.838
317.93	-0.083
318.30	0.451
318.68	-0.504
319.05	-0.243
319.42	0.000
319.79	0.557
320.17	0.476
320.54	1.324
320.91	0.272
321.29	0.520
321.66	0.000
322.03	-0.159
322.41	0.217
322.78	0.214
323.15	-0.638
323.53	0.100
323.90	0.142
324.27	0.440
324.64	-0.008
325.02	0.440
325.39	0.056
325.76	0.009
326.13	0.406
326.51	-0.276
326.88	0.476
327.25	1.101
327.62	0.000
328.00	0.502
328.37	0.182
328.74	0.017
329.11	0.182
329.49	0.214
329.86	0.361
330.23	0.125
330.60	0.065
330.97	0.290
331.35	0.087
331.72	0.174
332.09	0.198
332.46	-0.105
332.83	0.056
333.21	0.338
333.58	-0.074
333.95	-0.077
334.32	0.327
334.69	-0.048
335.06	0.204
335.44	0.200
335.81	0.043
336.18	-0.149
336.55	0.030
336.92	0.502
337.29	0.160
337.67	0.135
338.04	0.079
338.41	-0.027
338.78	0.137
339.15	0.387
339.52	0.097
339.89	0.368
340.26	-0.074
340.63	-0.029
341.01	0.315
341.38	0.175
341.75	0.057
342.12	0.154
342.49	-0.056
342.86	-0.029
343.23	0.084
343.60	0.004
343.97	0.028
344.34	0.246
344.71	0.477
345.08	0.065
345.46	0.113
345.83	0.113
346.20	0.040
346.57	0.045
346.94	-0.003
347.31	0.117
347.68	0.079
348.05	0.125
348.42	0.289
348.79	0.004
349.16	-0.047
349.53	0.022
349.90	0.102
350.27	0.086
350.64	-0.004
351.01	0.053
351.38	0.070
351.75	0.150
352.12	-0.133
352.49	0.084
352.86	0.063
353.23	0.034
353.60	0.047
353.97	0.002
354.34	0.018
354.71	0.101
355.08	0.102
355.44	0.002
355.81	0.037
356.18	0.094
356.55	0.082
356.92	0.116
357.29	0.126
357.66	0.325
358.03	0.150
358.40	0.064
358.77	0.074
359.14	0.112
359.51	0.084
359.88	0.134
360.24	0.129
360.61	0.059
360.98	0.142
361.35	0.090
361.72	0.031
362.09	0.102
362.46	0.077
362.83	0.080
363.19	0.147
363.56	0.122
363.93	0.165
364.30	0.112
364.67	0.073
365.04	0.031
365.41	0.049
365.77	0.097
366.14	0.026
366.51	0.118
366.88	0.078
367.25	0.102
367.61	0.140
367.98	0.156
368.35	0.088
368.72	0.024
369.09	0.092
369.45	0.123
369.82	0.123
370.19	0.104
370.56	0.110
370.93	0.088
371.29	0.128
371.66	0.182
372.03	0.059
372.40	0.091
372.76	0.081
373.13	0.106
373.50	0.078
373.87	0.068
374.23	0.049
374.60	0.092
374.97	0.093
375.34	0.089
375.70	0.044
376.07	0.115
376.44	0.122
376.80	0.095
377.17	0.136
377.54	0.070
377.91	0.092
378.27	0.074
378.64	0.087
379.01	0.098
379.37	0.077
379.74	0.122
380.11	0.103
380.47	0.113
380.84	0.104
381.21	0.115
381.57	0.100
381.94	0.112
382.31	0.085
382.67	0.073
383.04	0.071
383.41	0.092
383.77	0.118
384.14	0.097
384.50	0.095
384.87	0.122
385.24	0.122
385.60	0.115
385.97	0.147
386.34	0.107
386.70	0.080
387.07	0.098
387.43	0.104
387.80	0.140
388.16	0.083
388.53	0.114
388.90	0.103
389.26	0.088
389.63	0.110
389.99	0.117
390.36	0.106
390.72	0.110
391.09	0.101
391.46	0.098
391.82	0.079
392.19	0.121
392.55	0.099
392.92	0.118
393.28	0.109
393.65	0.110
394.01	0.103
394.38	0.136
394.74	0.129
395.11	0.094
395.47	0.111
395.84	0.120
396.20	0.118
396.57	0.106
396.93	0.107
397.30	0.124
397.66	0.113
398.03	0.108
398.39	0.122
398.76	0.107
399.12	0.099
399.48	0.102
399.85	0.115
400.21	0.104
400.58	0.119
400.94	0.101
401.31	0.110
401.67	0.101
402.04	0.118
402.40	0.112
402.76	0.102
403.13	0.118
403.49	0.117
403.86	0.125
404.22	0.121
404.58	0.104
404.95	0.111
405.31	0.116
405.68	0.119
406.04	0.116
406.40	0.109
406.77	0.116
407.13	0.120
407.49	0.110
407.86	0.110
408.22	0.126
408.58	0.113
408.95	0.114
409.31	0.125
409.67	0.114
410.04	0.131
410.40	0.117
410.76	0.109
411.13	0.129
411.49	0.125
411.85	0.112
412.22	0.122
412.58	0.112
412.94	0.120
413.31	0.129
413.67	0.118
414.03	0.125
414.39	0.119
414.76	0.127
415.12	0.124
415.48	0.112
415.84	0.128
416.21	0.128
416.57	0.117
416.93	0.109
417.29	0.124
417.66	0.125
418.02	0.123
418.38	0.139
418.74	0.126
419.11	0.128
419.47	0.104
419.83	0.129
420.19	0.129
420.55	0.109
420.92	0.130
421.28	0.122
421.64	0.129
422.00	0.138
422.36	0.117
422.73	0.133
423.09	0.121
423.45	0.136
423.81	0.122
424.17	0.134
424.53	0.133
424.90	0.122
425.26	0.128
425.62	0.133
425.98	0.140
426.34	0.136
426.70	0.140
427.06	0.125
427.43	0.129
427.79	0.137
428.15	0.128
428.51	0.126
428.87	0.137
429.23	0.136
429.59	0.134
429.95	0.131
430.31	0.137
430.67	0.131
431.03	0.137
431.40	0.123
431.76	0.133
432.12	0.139
432.48	0.131
432.84	0.125
433.20	0.147
433.56	0.133
433.92	0.133
434.28	0.134
434.64	0.126
435.00	0.140
435.36	0.134
435.72	0.144
436.08	0.148
436.44	0.148
436.80	0.146
437.16	0.151
437.52	0.143
437.88	0.144
438.24	0.141
438.60	0.143
438.96	0.145
439.32	0.160
439.68	0.152
440.04	0.138
440.40	0.144
440.76	0.140
441.12	0.146
441.48	0.152
441.84	0.146
442.20	0.136
442.56	0.154
442.92	0.139
443.28	0.151
443.63	0.152
443.99	0.147
444.35	0.151
444.71	0.154
445.07	0.151
445.43	0.148
445.79	0.141
446.15	0.144
446.51	0.148
446.87	0.158
447.22	0.152
447.58	0.154
447.94	0.169
448.30	0.152
448.66	0.150
449.02	0.157
449.38	0.147
449.74	0.153
450.09	0.155
450.45	0.156
450.81	0.160
451.17	0.164
451.53	0.169
451.89	0.163
452.24	0.162
452.60	0.156
452.96	0.151
453.32	0.158
453.68	0.163
454.03	0.157
454.39	0.161
454.75	0.160
455.11	0.166
455.46	0.167
455.82	0.170
456.18	0.160
456.54	0.172
456.90	0.173
457.25	0.176
457.61	0.167
457.97	0.161
458.33	0.165
458.68	0.173
459.04	0.160
459.40	0.170
459.75	0.175
460.11	0.165
460.47	0.172
460.83	0.180
461.18	0.179
461.54	0.179
461.90	0.181
462.25	0.178
462.61	0.185
462.97	0.183
463.32	0.180
463.68	0.176
464.04	0.162
464.39	0.176
464.75	0.181
465.11	0.178
465.46	0.184
465.82	0.187
466.18	0.187
466.53	0.175
466.89	0.186
467.25	0.189
467.60	0.193
467.96	0.183
468.31	0.180
468.67	0.185
469.03	0.184
469.38	0.192
469.74	0.184
470.09	0.194
470.45	0.184
470.81	0.186
471.16	0.187
471.52	0.205
471.87	0.195
472.23	0.192
472.59	0.193
472.94	0.201
473.30	0.192
473.65	0.194
474.01	0.205
474.36	0.197
474.72	0.206
475.07	0.207
475.43	0.208
475.78	0.191
476.14	0.196
476.49	0.196
476.85	0.196
477.20	0.197
477.56	0.210
477.91	0.208
478.27	0.200
478.62	0.204
478.98	0.206
479.33	0.209
479.69	0.202
480.04	0.207
480.40	0.209
480.75	0.206
481.11	0.215
481.46	0.205
481.81	0.210
482.17	0.215
482.52	0.213
482.88	0.210
483.23	0.213
483.59	0.223
483.94	0.216
484.29	0.210
484.65	0.217
485.00	0.215
485.36	0.218
485.71	0.218
486.06	0.223
486.42	0.219
486.77	0.215
487.13	0.221
487.48	0.228
487.83	0.228
488.19	0.218
488.54	0.232
488.89	0.229
489.25	0.228
489.60	0.225
489.95	0.234
490.31	0.222
490.66	0.233
491.01	0.233
491.37	0.224
491.72	0.244
492.07	0.234
492.43	0.231
492.78	0.230
493.13	0.237
493.48	0.236
493.84	0.231
494.19	0.234
494.54	0.233
494.89	0.237
495.25	0.235
495.60	0.243
495.95	0.238
496.31	0.230
496.66	0.234
497.01	0.237
497.36	0.242
497.71	0.244
498.07	0.247
498.42	0.241
498.77	0.246
499.12	0.241
499.48	0.250
499.83	0.254
500.18	0.246
500.53	0.243
500.88	0.243
501.24	0.260
501.59	0.249
501.94	0.257
502.29	0.251
502.64	0.253
502.99	0.252
503.35	0.248
503.70	0.250
504.05	0.246
504.40	0.248
504.75	0.260
505.10	0.251
505.45	0.254
505.80	0.261
506.16	0.262
506.51	0.263
506.86	0.254
507.21	0.260
507.56	0.263
507.91	0.257
508.26	0.265
508.61	0.262
508.96	0.262
509.31	0.277
509.67	0.264
510.02	0.268
510.37	0.268
510.72	0.263
511.07	0.263
511.42	0.264
511.77	0.268
512.12	0.273
512.47	0.272
512.82	0.263
513.17	0.268
513.52	0.272
513.87	0.268
514.22	0.265
514.57	0.260
514.92	0.272
515.27	0.277
515.62	0.275
515.97	0.269
516.32	0.271
516.67	0.278
517.02	0.272
517.37	0.283
517.72	0.278
518.07	0.277
518.42	0.278
518.77	0.276
519.12	0.275
519.47	0.275
519.82	0.287
520.16	0.282
520.51	0.273
520.86	0.278
521.21	0.286
521.56	0.274
521.91	0.280
522.26	0.280
522.61	0.275
522.96	0.282
523.31	0.273
523.65	0.285
524.00	0.285
524.35	0.280
524.70	0.283
525.05	0.282
525.40	0.286
525.75	0.286
526.09	0.283
526.44	0.281
526.79	0.285
527.14	0.286
527.49	0.283
527.84	0.284
528.18	0.281
528.53	0.288
528.88	0.290
529.23	0.285
529.58	0.283
529.92	0.293
530.27	0.285
530.62	0.282
530.97	0.290
531.32	0.276
531.66	0.283
532.01	0.284
532.36	0.290
532.71	0.291
533.05	0.294
533.40	0.293
533.75	0.293
534.10	0.288
534.44	0.294
534.79	0.284
535.14	0.295
535.48	0.290
535.83	0.291
536.18	0.289
536.53	0.295
536.87	0.290
537.22	0.291
537.57	0.290
537.91	0.288
538.26	0.287
538.61	0.293
538.95	0.295
539.30	0.293
539.65	0.291
539.99	0.286
540.34	0.292
540.69	0.292
541.03	0.296
541.38	0.291
541.73	0.295
542.07	0.294
542.42	0.298
542.76	0.292
543.11	0.298
543.46	0.295
543.80	0.296
544.15	0.300
544.49	0.303
544.84	0.294
545.18	0.290
545.53	0.297
545.88	0.299
546.22	0.303
546.57	0.305
546.91	0.303
547.26	0.305
547.60	0.303
547.95	0.296
548.29	0.308
548.64	0.307
548.99	0.298
549.33	0.301
549.68	0.308
550.02	0.301
550.37	0.311
550.71	0.306
551.06	0.298
551.40	0.307
551.75	0.309
552.09	0.304
552.43	0.310
552.78	0.303
553.12	0.312
553.47	0.301
553.81	0.311
554.16	0.315
554.50	0.310
554.85	0.305
555.19	0.306
555.54	0.305
555.88	0.312
556.22	0.309
556.57	0.319
556.91	0.319
557.26	0.309
557.60	0.310
557.94	0.302
558.29	0.318
558.63	0.306
558.98	0.307
559.32	0.311
559.66	0.315
560.01	0.309
560.35	0.312
560.69	0.313
561.04	0.309
561.38	0.309
561.72	0.311
562.07	0.311
562.41	0.307
562.75	0.315
563.10	0.308
563.44	0.306
563.78	0.304
564.13	0.309
564.47	0.307
564.81	0.308
565.16	0.312
565.50	0.308
565.84	0.304
566.18	0.303
566.53	0.309
566.87	0.305
567.21	0.304
567.55	0.305
567.90	0.304
568.24	0.302
568.58	0.301
568.92	0.304
569.27	0.297
569.61	0.300
569.95	0.299
570.29	0.293
570.63	0.293
570.98	0.300
571.32	0.296
571.66	0.293
572.00	0.299
572.34	0.286
572.69	0.289
573.03	0.287
573.37	0.294
573.71	0.292
574.05	0.288
574.39	0.288
574.74	0.282
575.08	0.283
575.42	0.283
575.76	0.282
576.10	0.281
576.44	0.285
576.78	0.284
577.12	0.279
577.47	0.278
577.81	0.275
578.15	0.279
578.49	0.277
578.83	0.280
579.17	0.277
579.51	0.273
579.85	0.272
580.19	0.270
580.53	0.272
580.87	0.276
581.21	0.271
581.55	0.264
581.89	0.264
582.24	0.269
582.58	0.269
582.92	0.267
583.26	0.268
583.60	0.267
583.94	0.268
584.28	0.261
584.62	0.259
584.96	0.268
585.30	0.263
585.64	0.262
585.98	0.262
586.32	0.261
586.66	0.256
586.99	0.266
587.33	0.266
587.67	0.260
588.01	0.250
588.35	0.261
588.69	0.258
589.03	0.263
589.37	0.262
589.71	0.261
590.05	0.260
590.39	0.259
590.73	0.265
591.07	0.263
591.41	0.260
591.74	0.259
592.08	0.268
592.42	0.263
592.76	0.264
593.10	0.261
593.44	0.266
593.78	0.263
594.12	0.265
594.45	0.261
594.79	0.261
595.13	0.263
595.47	0.268
595.81	0.268
596.15	0.266
596.48	0.260
596.82	0.271
597.16	0.271
597.50	0.271
597.84	0.264
598.17	0.270
598.51	0.268
598.85	0.274
599.19	0.265
599.53	0.267
599.86	0.271
600.20	0.269
600.54	0.275
600.88	0.273
601.21	0.266
601.55	0.268
601.89	0.273
602.23	0.271
602.56	0.280
602.90	0.289
603.24	0.270
603.57	0.281
603.91	0.280
604.25	0.286
604.58	0.281
604.92	0.282
605.26	0.278
605.60	0.277
605.93	0.278
606.27	0.279
606.61	0.278
606.94	0.274
607.28	0.280
607.61	0.281
607.95	0.277
608.29	0.281
608.62	0.277
608.96	0.280
609.30	0.273
609.63	0.270
609.97	0.276
610.30	0.276
610.64	0.272
610.98	0.270
611.31	0.271
611.65	0.265
611.98	0.266
612.32	0.267
612.66	0.269
612.99	0.264
613.33	0.263
613.66	0.263
614.00	0.259
614.33	0.262
614.67	0.260
615.00	0.260
615.34	0.257
615.67	0.259
616.01	0.252
616.34	0.254
616.68	0.261
617.01	0.256
617.35	0.255
617.68	0.251
618.02	0.252
618.35	0.252
618.69	0.252
619.02	0.251
619.36	0.248
619.69	0.245
620.03	0.248
620.36	0.250
620.70	0.246
621.03	0.239
621.37	0.245
621.70	0.245
622.03	0.242
622.37	0.238
622.70	0.241
623.04	0.235
623.37	0.235
623.70	0.230
624.04	0.226
624.37	0.231
624.71	0.228
625.04	0.226
625.37	0.223
625.71	0.219
626.04	0.223
626.37	0.213
626.71	0.208
627.04	0.217
627.37	0.208
627.71	0.205
628.04	0.209
628.37	0.199
628.71	0.203
629.04	0.199
629.37	0.197
629.71	0.193
630.04	0.194
630.37	0.193
630.70	0.188
631.04	0.187
631.37	0.183
631.70	0.179
632.04	0.181
632.37	0.183
632.70	0.176
633.03	0.180
633.37	0.172
633.70	0.169
634.03	0.172
634.36	0.164
634.69	0.165
635.03	0.157
635.36	0.158
635.69	0.158
636.02	0.158
636.35	0.153
636.69	0.153
637.02	0.150
637.35	0.145
637.68	0.147
638.01	0.149
638.34	0.146
638.68	0.143
639.01	0.137
639.34	0.137
639.67	0.140
640.00	0.138
640.33	0.138
640.66	0.136
641.00	0.131
641.33	0.128
641.66	0.131
641.99	0.127
642.32	0.131
642.65	0.122
642.98	0.125
643.31	0.118
643.64	0.116
643.97	0.118
644.30	0.118
644.63	0.116
644.96	0.118
645.30	0.115
645.63	0.107
645.96	0.112
646.29	0.116
646.62	0.110
646.95	0.111
647.28	0.109
647.61	0.112
647.94	0.114
648.27	0.107
648.60	0.104
648.93	0.113
649.26	0.108
649.59	0.105
649.92	0.098
650.25	0.103
650.58	0.097
650.90	0.099
651.23	0.097
651.56	0.105
651.89	0.100
652.22	0.091
652.55	0.098
652.88	0.097
653.21	0.104
653.54	0.096
653.87	0.098
654.20	0.096
654.53	0.095
654.85	0.088
655.18	0.096
655.51	0.088
655.84	0.098
656.17	0.094
656.50	0.096
656.83	0.092
657.16	0.094
657.48	0.090
657.81	0.090
658.14	0.093
658.47	0.096
658.80	0.092
659.12	0.096
659.45	0.091
659.78	0.093
660.11	0.089
660.44	0.089
660.76	0.086
661.09	0.088
661.42	0.086
661.75	0.085
662.08	0.085
662.40	0.087
662.73	0.083
663.06	0.079
663.39	0.085
663.71	0.083
664.04	0.088
664.37	0.085
664.70	0.084
665.02	0.080
665.35	0.087
665.68	0.084
666.00	0.080
666.33	0.083
666.66	0.079
666.98	0.082
667.31	0.082
667.64	0.085
667.96	0.086
668.29	0.089
668.62	0.082
668.94	0.087
669.27	0.081
669.60	0.079
669.92	0.087
670.25	0.080
670.58	0.085
670.90	0.084
671.23	0.081
671.55	0.083
671.88	0.079
672.21	0.074
672.53	0.079
672.86	0.082
673.18	0.073
673.51	0.076
673.83	0.079
674.16	0.075
674.49	0.083
674.81	0.078
675.14	0.080
675.46	0.074
675.79	0.077
676.11	0.071
676.44	0.075
676.76	0.074
677.09	0.069
677.41	0.075
677.74	0.069
678.06	0.076
678.39	0.073
678.71	0.074
679.04	0.071
679.36	0.075
679.69	0.075
680.01	0.076
680.34	0.079
680.66	0.076
680.99	0.076
681.31	0.076
681.63	0.077
681.96	0.072
682.28	0.078
682.61	0.068
682.93	0.073
683.25	0.071
683.58	0.076
683.90	0.073
684.23	0.078
684.55	0.068
684.87	0.081
685.20	0.073
685.52	0.083
685.84	0.069
686.17	0.079
686.49	0.074
686.82	0.079
687.14	0.078
687.46	0.074
687.79	0.075
688.11	0.074
688.43	0.077
688.75	0.072
689.08	0.075
689.40	0.071
689.72	0.070
690.05	0.075
690.37	0.076
690.69	0.078
691.01	0.073
691.34	0.068
691.66	0.074
691.98	0.073
692.30	0.073
692.63	0.079
692.95	0.079
693.27	0.078
693.59	0.071
693.92	0.080
694.24	0.074
694.56	0.076
694.88	0.070
695.20	0.085
695.53	0.069
695.85	0.077
696.17	0.070
696.49	0.078
696.81	0.074
697.13	0.078
697.46	0.069
697.78	0.065
698.10	0.071
698.42	0.067
698.74	0.073
699.06	0.077
699.38	0.075
699.71	0.076
700.03	0.071
700.35	0.071
700.67	0.074
700.99	0.069
701.31	0.075
701.63	0.070
701.95	0.075
702.27	0.072
702.59	0.071
702.91	0.081
703.23	0.073
703.55	0.080
703.87	0.072
704.20	0.079
704.52	0.079
704.84	0.073
705.16	0.068
705.48	0.066
705.80	0.077
706.12	0.075
706.44	0.067
706.76	0.065
707.08	0.075
707.40	0.079
707.72	0.073
708.03	0.068
708.35	0.069
708.67	0.066
708.99	0.076
709.31	0.072
709.63	0.072
709.95	0.070
710.27	0.066
710.59	0.070
710.91	0.071
711.23	0.064
711.55	0.069
711.87	0.068
712.19	0.073
712.50	0.067
712.82	0.069
713.14	0.064
713.46	0.065
713.78	0.070
714.10	0.068
714.42	0.065
714.73	0.071
715.05	0.071
715.37	0.069
715.69	0.071
716.01	0.073
716.33	0.070
716.64	0.074
716.96	0.072
717.28	0.078
717.60	0.060
717.92	0.064
718.23	0.072
718.55	0.071
718.87	0.068
719.19	0.074
719.50	0.076
719.82	0.073
720.14	0.076
720.46	0.069
720.77	0.069
721.09	0.069
721.41	0.081
721.73	0.077
722.04	0.076
722.36	0.067
722.68	0.072
722.99	0.067
723.31	0.070
723.63	0.069
723.94	0.067
724.26	0.070
724.58	0.071
724.89	0.073
725.21	0.067
725.53	0.071
725.84	0.069
726.16	0.067
726.48	0.063
726.79	0.066
727.11	0.063
727.42	0.070
727.74	0.067
728.06	0.069
728.37	0.066
728.69	0.067
729.00	0.066
729.32	0.067
729.64	0.068
729.95	0.065
730.27	0.065
730.58	0.069
730.90	0.071
731.21	0.068
731.53	0.073
731.84	0.067
732.16	0.073
732.47	0.074
732.79	0.062
733.10	0.068
733.42	0.069
733.73	0.058
734.05	0.068
734.36	0.067
734.68	0.073
734.99	0.070
735.31	0.071
735.62	0.073
735.94	0.068
736.25	0.070
736.57	0.061
736.88	0.063
737.19	0.069
737.51	0.059
737.82	0.064
738.14	0.070
738.45	0.065
738.76	0.071
739.08	0.059
739.39	0.061
739.71	0.067
740.02	0.070
740.33	0.055
740.65	0.069
740.96	0.061
741.27	0.059
741.59	0.066
741.90	0.068
742.21	0.064
742.53	0.067
742.84	0.061
743.15	0.063
743.47	0.058
743.78	0.061
744.09	0.063
744.41	0.063
744.72	0.066
745.03	0.063
745.34	0.062
745.66	0.068
745.97	0.072
746.28	0.069
746.59	0.067
746.91	0.063
747.22	0.067
747.53	0.063
747.84	0.067
748.16	0.066
748.47	0.070
748.78	0.067
749.09	0.074
749.40	0.063
749.72	0.063
750.03	0.058
750.34	0.059
750.65	0.062
750.96	0.066
751.28	0.065
751.59	0.065
751.90	0.067
752.21	0.057
752.52	0.062
752.83	0.063
753.14	0.064
753.45	0.063
753.77	0.066
754.08	0.066
754.39	0.066
754.70	0.058
755.01	0.066
755.32	0.060
755.63	0.064
755.94	0.064
756.25	0.054
756.56	0.059
756.87	0.065
757.18	0.058
757.49	0.066
757.80	0.059
758.12	0.058
758.43	0.058
758.74	0.065
759.05	0.062
759.36	0.058
759.67	0.056
759.98	0.054
760.29	0.060
760.60	0.065
760.90	0.063
761.21	0.057
761.52	0.057
761.83	0.062
762.14	0.063
762.45	0.062
762.76	0.064
763.07	0.058
763.38	0.061
763.69	0.064
764.00	0.062
764.31	0.063
764.62	0.066
764.93	0.062
765.23	0.060
765.54	0.058
765.85	0.054
766.16	0.066
766.47	0.061
766.78	0.065
767.09	0.054
767.40	0.064
767.70	0.069
768.01	0.062
768.32	0.067
768.63	0.057
768.94	0.064
769.24	0.071
769.55	0.062
769.86	0.063
770.17	0.063
770.48	0.065
770.78	0.070
771.09	0.070
771.40	0.069
771.71	0.062
772.01	0.061
772.32	0.064
772.63	0.059
772.94	0.056
773.24	0.060
773.55	0.064
773.86	0.059
774.17	0.065
774.47	0.074
774.78	0.060
775.09	0.061
775.39	0.072
775.70	0.067
776.01	0.064
776.31	0.069
776.62	0.065
776.93	0.052
777.23	0.070
777.54	0.055
777.85	0.063
778.15	0.065
778.46	0.062
778.77	0.060
779.07	0.063
779.38	0.054
779.68	0.066
779.99	0.079
780.30	0.067
780.60	0.063
780.91	0.069
781.21	0.060
781.52	0.059
781.82	0.056
782.13	0.059
782.43	0.072
782.74	0.054
783.05	0.071
783.35	0.061
783.66	0.059
783.96	0.066
784.27	0.072
784.57	0.073
784.88	0.062
785.18	0.058
785.49	0.058
785.79	0.065
786.10	0.056
786.40	0.053
786.70	0.045
787.01	0.057
787.31	0.059
787.62	0.060
787.92	0.059
788.23	0.059
788.53	0.048
788.84	0.059
789.14	0.057
789.44	0.056
789.75	0.064
790.05	0.060
790.36	0.057
790.66	0.064
790.96	0.060
791.27	0.057
791.57	0.065
791.87	0.059
792.18	0.075
792.48	0.059
792.78	0.067
793.09	0.069
793.39	0.057
793.69	0.062
794.00	0.065
794.30	0.063
794.60	0.051
794.91	0.062
795.21	0.063
795.51	0.054
795.81	0.042
796.12	0.068
796.42	0.061
796.72	0.056
797.02	0.064
797.33	0.056
797.63	0.067
797.93	0.071
798.23	0.061
798.54	0.069
798.84	0.069
799.14	0.073
799.44	0.052
799.74	0.049
800.05	0.068
800.35	0.068
800.65	0.066
800.95	0.059
801.25	0.067
801.55	0.068
801.86	0.056
802.16	0.066
802.46	0.066
802.76	0.064
803.06	0.059
803.36	0.060
803.66	0.050
803.96	0.068
804.26	0.045
804.57	0.063
804.87	0.070
805.17	0.069
805.47	0.064
805.77	0.056
806.07	0.053
806.37	0.066
806.67	0.065
806.97	0.063
807.27	0.072
807.57	0.057
807.87	0.066
808.17	0.063
808.47	0.069
808.77	0.070
809.07	0.059
809.37	0.066
809.67	0.071
809.97	0.064
810.27	0.060
810.57	0.058
810.87	0.070
811.17	0.057
811.47	0.071
811.77	0.044
812.07	0.060
812.37	0.046
812.67	0.060
812.97	0.076
813.26	0.061
813.56	0.061
813.86	0.059
814.16	0.052
814.46	0.058
814.76	0.072
815.06	0.044
815.36	0.067
815.66	0.059
815.95	0.055
816.25	0.052
816.55	0.060
816.85	0.048
817.15	0.062
817.45	0.066
817.74	0.075
818.04	0.070
818.34	0.070
818.64	0.055
818.94	0.060
819.23	0.053
819.53	0.057
819.83	0.064
820.13	0.065
820.42	0.048
820.72	0.048
821.02	0.061
821.32	0.066
821.61	0.063
821.91	0.056
822.21	0.064
822.50	0.063
822.80	0.063
823.10	0.060
823.40	0.072
823.69	0.039
823.99	0.060
824.29	0.055
824.58	0.067
824.88	0.088
825.18	0.069
825.47	0.067
825.77	0.072
826.06	0.056
826.36	0.068
826.66	0.061
826.95	0.053
827.25	0.063
827.55	0.054
827.84	0.050
828.14	0.061
828.43	0.060
828.73	0.057
829.02	0.080
829.32	0.071
829.62	0.066
829.91	0.077
830.21	0.059
830.50	0.053
830.80	0.070
831.09	0.051
831.39	0.067
831.68	0.076
831.98	0.065
832.27	0.065
832.57	0.062
832.86	0.071
833.16	0.054
833.45	0.064
833.75	0.066
834.04	0.054
834.34	0.049
834.63	0.050
834.93	0.075
835.22	0.068
835.51	0.047
835.81	0.048
836.10	0.069
836.40	0.040
836.69	0.052
836.98	0.044
837.28	0.053
837.57	0.049
837.87	0.059
838.16	0.055
838.45	0.056
838.75	0.059
839.04	0.073
839.33	0.056
839.63	0.061
839.92	0.051
840.21	0.079
840.51	0.073
840.80	0.071
841.09	0.062
841.39	0.063
841.68	0.082
841.97	0.058
842.26	0.047
842.56	0.059
842.85	0.049
843.14	0.054
843.43	0.065
843.73	0.057
844.02	0.061
844.31	0.062
844.60	0.055
844.90	0.062
845.19	0.056
845.48	0.056
845.77	0.047
846.06	0.053
846.36	0.074
846.65	0.061
846.94	0.061
847.23	0.056
847.52	0.062
847.81	0.052
848.11	0.052
848.40	0.042
848.69	0.056
848.98	0.084
849.27	0.050
849.56	0.041
849.85	0.074
850.14	0.047
850.44	0.052
850.73	0.062
851.02	0.073
851.31	0.036
851.60	0.058
851.89	0.040
852.18	0.034
852.47	0.057
852.76	0.047
853.05	0.056
853.34	0.056
853.63	0.048
853.92	0.066
854.21	0.035
854.50	0.077
854.79	0.066
855.08	0.072
855.37	0.049
855.66	0.044
855.95	0.048
856.24	0.055
856.53	0.042
856.82	0.061
857.11	0.072
857.40	0.073
857.69	0.061
857.98	0.064
858.27	0.054
858.56	0.060
858.84	0.054
859.13	0.042
859.42	0.077
859.71	0.059
860.00	0.056
860.29	0.040
860.58	0.072
860.87	0.067
861.15	0.058
861.44	0.060
861.73	0.051
862.02	0.043
862.31	0.051
862.60	0.057
862.88	0.072
863.17	0.049
863.46	0.084
863.75	0.066
864.04	0.052
864.32	0.061
864.61	0.041
864.90	0.072
865.19	0.078
865.47	0.075
865.76	0.066
866.05	0.064
866.34	0.058
866.62	0.078
866.91	0.051
867.20	0.040
867.49	0.023
867.77	0.043
868.06	0.084
868.35	0.057
868.63	0.044
868.92	0.048
869.21	0.039
869.49	0.053
869.78	0.053
870.07	0.067
870.35	0.060
870.64	0.049
870.92	0.079
871.21	0.044
871.50	0.061
871.78	0.052
872.07	0.052
872.35	0.065
872.64	0.044
872.93	0.070
873.21	0.057
873.50	0.067
873.78	0.028
874.07	0.052
874.35	0.061
874.64	0.049
874.93	0.063
875.21	0.059
875.50	0.062
875.78	0.060
876.07	0.068
876.35	0.061
876.64	0.076